fract32 NOTE_FREQS[128] = {
    0.00022736212983919527, 0.00024088178561955365, 0.00025520536196728464, 0.0002703806624869435, 0.00028645833333333333, 0.0003034920322383397, 0.00032153860758862255, 0.0003406582881518211, 0.0003609148840844689, 0.00038237599989245785, 
    0.0004051132600547929, 0.0004292025480636326, 0.00045472425967839054, 0.0004817635712391073, 0.0005104107239345693, 0.000540761324973887, 0.0005729166666666667, 0.0006069840644766796, 0.0006430772151772448, 0.0006813165763036422, 
    0.0007218297681689378, 0.0007647519997849154, 0.0008102265201095858, 0.0008584050961272656, 0.000909448519356781, 0.0009635271424782146, 0.0010208214478691388, 0.0010815226499477737, 0.0011458333333333333, 0.0012139681289533592, 
    0.0012861544303544895, 0.0013626331526072845, 0.0014436595363378755, 0.0015295039995698308, 0.0016204530402191715, 0.0017168101922545311, 0.001818897038713562, 0.0019270542849564292, 0.0020416428957382776, 0.0021630452998955474, 
    0.0022916666666666667, 0.0024279362579067184, 0.00257230886070898, 0.002725266305214569, 0.002887319072675751, 0.0030590079991396624, 0.003240906080438343, 0.003433620384509062, 0.003637794077427124, 0.0038541085699128584, 
    0.004083285791476555, 0.004326090599791095, 0.004583333333333333, 0.004855872515813437, 0.00514461772141796, 0.005450532610429138, 0.005774638145351502, 0.006118015998279325, 0.006481812160876686, 0.006867240769018124, 
    0.007275588154854248, 0.007708217139825717, 0.00816657158295311, 0.00865218119958219, 0.009166666666666667, 0.009711745031626874, 0.01028923544283592, 0.010901065220858276, 0.011549276290703004, 0.01223603199655865, 
    0.012963624321753372, 0.013734481538036247, 0.014551176309708496, 0.015416434279651434, 0.01633314316590622, 0.01730436239916438, 0.018333333333333333, 0.019423490063253748, 0.02057847088567184, 0.02180213044171655, 
    0.023098552581406008, 0.0244720639931173, 0.025927248643506744, 0.027468963076072495, 0.02910235261941699, 0.030832868559302867, 0.03266628633181244, 0.03460872479832876, 0.03666666666666667, 0.038846980126507495, 
    0.041156941771343665, 0.0436042608834331, 0.046197105162812016, 0.048944127986234584, 0.05185449728701349, 0.054937926152144996, 0.05820470523883398, 0.061665737118605735, 0.06533257266362488, 0.06921744959665752, 
    0.07333333333333333, 0.07769396025301499, 0.08231388354268733, 0.0872085217668662, 0.09239421032562403, 0.09788825597246917, 0.10370899457402698, 0.10987585230428999, 0.11640941047766797, 0.12333147423721147, 
    0.13066514532724977, 0.13843489919331503, 0.14666666666666667, 0.15538792050602993, 0.16462776708537474, 0.1744170435337324, 0.18478842065124806, 0.19577651194493842, 0.20741798914805396, 0.2197517046085799, 
    0.23281882095533596, 0.24666294847442294, 0.2613302906544995, 0.2768697983866301, 0.29333333333333333, 0.31077584101205985, 0.3292555341707495, 0.3488340870674648
};
